// Initialization file for PUMA 260 robot arm, 6 dof .



[GENERAL] 
Joints 6
MaxDAC	             32767.0 32767.0 32767.0 32767.0 32767.0 32767.0
AxisMap 0 1 2 3 4 5
Encoder 46720.0  -69973.3  42986.7  -34808.88  31507.68  -25415.36
Zeros 0.0 0.0 0.0 0.0 0.0 0.0
Signs 0 1 1 0 1 0 
Stiff 0 0 0 1 1 1
EncWheel 1000.0 1000.0 1000.0 800.0 800.0 800.0
FwdCouple 0.0 0.0 0.0 9.8462 1.0 -5.5999886532
FwdCoupleComplete 0.0 0.0 0.0 7876.96 800.0 -4479.99092
AngToEnc 46720.0 -69973.3 42986.7 -34808.88  31507.68 -25415.36


[STARTINGVALUES]
Speed1	               100.0     100.0     100.0     100.0     100.0     100.0
StartingPos 	        30.0      50.0      50.0       0.0      30.0       0.0
SafePosition 	         0.0      90.0     -90.0       0.0       0.0       0.0
RightStartingPos        40.0     -40.0     -20.0       0.0     -60.0       0.0 
Acc 		      100.0    100.0    100.0    1000.0    1000.0   1000.0 

Gain                     1.0        1.0      1.0      1.0       1.0     -1.0 

Kp                       50.0       50.0      50.0       3.0        3.0      3.0     
Ki                       0.0`      0.0      0.0       0.0        0.0       0.0 
Kd                      -0.0      -0.0     -0.0       0.0        0.0       0.0 



1Gain                     1.0        1.0       1.0      0.000       0.0    -0.0000 

1Kp                       510.0     510.0     510.0     0.0       0.0      0.0      
1Ki                       0.0`       0.0       0.0              0.0        0.0       0.0 
1Kd                       -5.0       -5.0       -5.0      0.0        0.0       0.0


wGain                     1.0        1.0       1.0      0.000       0.0    -0.0000 

wKp                       150.0        120.0        100.0      0.5       0.5      0.5      
wKi                       0.0`       0.0       0.0              0.0        0.0       0.0 
wKd                       15.0        25.0       20.0      0.1        0.01       0.1 





//CurrentLimits 1220.0 1220.0 1220.0 1220.0 10000.0 10000.0 10000.0 10000.0


[LIMITS]
Max   16000  30400  18000  39000   11000   3000000
Min  -24500 -32400 -17800 -21000  -10500  -3000000

[UPfIDS]
Pid0   -10  -0  0 0 -100 32767   0 32767 0   -30
Pid1   -10  -0  0 0 -100 32767   0 32767 0     0
Pid2   -10  -0  0 0 -150 32767   0 32767 0  -100
Pid3   -300  -600  0 0    0 32767   0 32767 0     0
Pid4   -300  -900  0 0 -100 32767   0 32767 0  -100
Pid5   -300  -600  0 0 -100 32767   0 32767 0     0


[CALIBRATION]
Speed1	         1000.0   1000.0   1000.0   1000.0   1000.0   1000.0
Speed2		-1000.0  -1000.0  -1000.0  -1000.0  -1000.0  -1000.0
Acc             10000.0  10000.0  10000.0  10000.0  10000.0  10000.0
PositionZero 	  0.0    0.0    0.0    0.0    0.0    0.0	




[PIDS]
Pid0 -120 -2  -700 -100 -200 32767 0 32767 2   0
Pid1 -400 -6  -900  -20 -100 32767 0 32767 2   0  
Pid2 -400 -5 -1000 -100 -200 32767 0 32767 2   0
Pid3 -230 -5  -600 -100 -300 32767 0 32767 2   0
Pid4 -200 -3  -600  -40 -150 32767 0 32767 2   0
Pid5 -130 -2  -750 -150 -300 32767 0 32767 2   0


[BackUP]
Pid0 -170 -15  -800 -200  -122 32767 0 32767 2   0
Pid1 -400  -6  -900  -20  -100 32767 0 32767 2   0  
Pid2 -250  -5 -1100  -20  -250 32767 0 32767 2   0
Pid3 -130  -3  -400  -40  -100 32767 0 32767 2   0
Pid4 -200  -2  -500  -40  -150 32767 0 32767 2   0
Pid5 -90   -1  -250  -70  -300 32767 0 32767 2   0

RightStartingPos    180.0      90.0     -90.0      0.0        0.0       0.0
Kp                 -10.0     -1700.0   -90.0     0.0     0.0     0.0 
Ki                 -0.1      -0.5     -1.0     0.0     0.0     0.0 
Kd                 -1.0      -200.0   -10.0     0.0     0.0     0.0 
OKGain              -0.4    -1.0     -1.0     0.0     0.0     0.0 


printGain                 -0.1      -0.5      -0.4       0.0       0.0       0.0 
printKp                  -10.0    -300.0     -90.0       0.0       0.0       0.0 
printKi                   -0.1      -0.1      -0.1       0.0       0.0       0.0 
printKd                   -1.0     -10.0     -10.0       0.0       0.0       0.0 

lastgood 032997
Kp                     500.0     800.0    1000.0     1.0       1.0      0.4      
Ki                       0.1       0.1       0.1      0.0        0.0       0.0 
Kd                      10.0     100.0     100.0      0.0        0.0       0.0 

1103
Gain                     0.4       0.1       0.05      0.0001       0.1    -0.0001 

Kp                      200.5      200.5      1000.5     0.5       0.5      0.5      
Ki                       0.0       0.0       0.0      0.0        0.0       0.0 
Kd                      10.0      10.0      70.0      0.1        0.01       0.1 
